image_width:   640
image_height:   480
camera_name: <fill_me_in>
camera_matrix:
   rows:   3
   cols:   3
   data:   [242.2088186315, 0.0000000000, 320.0000000000, 0, 242.2088186315, 240.0000000000, 0, 0, 1]
distortion_model: plumb_bob
distortion_coefficients:
   rows:   1
   cols:   5
   data:   [-0.0789871308, -0.0035098980, -0.0000000002, 0.0000000002, -0.0000000002]
rectification_matrix:
   rows:   3
   cols:   3
   data:   [1, 0, 0, 0, 1, 0, 0, 0, 1]
projection_matrix:
   rows:   3
   cols:   4
   data:   [242.2088186315, 0.0000000000, 320.0000000000, 0, 0, 242.2088186315, 240.0000000000, 0, 0, 0, 1, 0]
