image_width:   640
image_height:   480
camera_name: <fill_me_in>
camera_matrix:
   rows:   3
   cols:   3
   data:   [233.0644925835, 0.0000000000, 320.0000000000, 0, 233.0644925835, 240.0000000000, 0, 0, 1]
distortion_model: plumb_bob
distortion_coefficients:
   rows:   1
   cols:   5
   data:   [-0.1252705215, 0.0131206358, 0.0000000008, -0.0000000001, 0.0000000005]
rectification_matrix:
   rows:   3
   cols:   3
   data:   [1, 0, 0, 0, 1, 0, 0, 0, 1]
projection_matrix:
   rows:   3
   cols:   4
   data:   [233.0644925835, 0.0000000000, 320.0000000000, 0, 0, 233.0644925835, 240.0000000000, 0, 0, 0, 1, 0]
